E:\Self Practice\enozom>node app
API Key Response: {
  ApiKey: 'BC_3a1b209f8c7d49dcbfebef065333c630_Fq5xYnONGjCLHW6+trsFVvqKeEkMwbFb4X0i5r8rVww='
}
API Key: BC_3a1b209f8c7d49dcbfebef065333c630_Fq5xYnONGjCLHW6+trsFVvqKeEkMwbFb4X0i5r8rVww=
Task Details Response: {
  Text: '[29890,22996,39067,17370,31188,32833,44272,45609,50165,54879,40465,50213,57875,65515,56008,68531,68149,64587,137280,99184,116473,95006,162737,96984,239749,279460,309945,309226,245705,351581,804361,524220,401687,1174144,931666,528782,7633596,6629335,6734624,6728581,7474746,8367815]'
}
Task Details: {
  Text: '[29890,22996,39067,17370,31188,32833,44272,45609,50165,54879,40465,50213,57875,65515,56008,68531,68149,64587,137280,99184,116473,95006,162737,96984,239749,279460,309945,309226,245705,351581,804361,524220,401687,1174144,931666,528782,7633596,6629335,6734624,6728581,7474746,8367815]'
}
Taxes: [
                   0,                  0,                  0,
                   0,                  0,                  0,
  427.20000000000005,              560.9,             1016.5,
              1487.9,               46.5, 1021.3000000000001,
             1931.25,            3077.25,             1651.2,
  3529.6499999999996,            3472.35,            2938.05,
               17206,             9586.8,            13044.6,
              8751.2,            22297.4,             9146.8,
           38693.525,            47628.5,          54487.625,
  54325.850000000006,          40033.625,          63855.725,
           175840.25,             105805,           75171.75,
              268286,           207666.5,           106945.5,
  2043988.9000000001, 1767817.1250000002,          1796771.6,
  1795109.7750000001, 2000305.1500000001,        2245899.125
]
Submission Response: { Message: 'Thank you for submitting the result' }
Submission Result: { Message: 'Thank you for submitting the result' }